COMMENT_START
This is a spaceship model from something else I was playing with

First three are points
Second three are colors
Third three are normals (These normals aren't right, but are good enough to look kinda cool)
COMMENT_END
DATA_START
-1.000,  0.000,  0.000, 1.00, 1.00, 1.00,  0.50, -1.75, -2.0000,
 1.000,  0.000,  0.000, 1.00, 1.00, 1.00,  0.50, -1.75, -2.0000,
 0.000, -0.500, -0.250, 1.00, 1.00, 1.00,  0.50, -1.75, -2.0000,

-1.000,  0.000,  0.000, 1.00, 1.00, 1.00,  1.40, -2.25, -1.8500,
-0.750,  1.000,  0.000, 1.00, 1.00, 1.00,  1.40, -2.25, -1.8500,
 0.000,  0.600,  2.000, 1.00, 1.00, 1.00,  1.40, -2.25, -1.8500,
    
-0.750,  1.000,  0.000, 1.00, 1.00, 1.00,  0.40, -2.75, -1.0500,
 0.000,  1.000,  0.000, 1.00, 1.00, 1.00,  0.40, -2.75, -1.0500,
 0.000,  0.600,  2.000, 1.00, 1.00, 1.00,  0.40, -2.75, -1.0500,
    
 0.000,  1.000,  0.000, 1.00, 1.00, 1.00,  0.40, -2.75, -0.3000,
 0.750,  1.000,  0.000, 1.00, 1.00, 1.00,  0.40, -2.75, -0.3000,
 0.000,  0.600,  2.000, 1.00, 1.00, 1.00,  0.40, -2.75, -0.3000,
    
 0.750,  1.000,  0.000, 1.00, 1.00, 1.00, -1.60, -2.25,  1.6500,
 1.000,  0.000,  0.000, 1.00, 1.00, 1.00, -1.60, -2.25,  1.6500,
 0.000,  0.600,  2.000, 1.00, 1.00, 1.00, -1.60, -2.25,  1.6500,
    
-1.000,  0.000,  0.000, 1.00, 1.00, 1.00, -6.25,  5.75,  1.9375,
-0.750,  1.000,  0.000, 1.00, 1.00, 1.00, -6.25,  5.75,  1.9375,
 0.000,  0.250, -6.000, 1.00, 1.00, 1.00, -6.25,  5.75,  1.9375,

-0.750,  1.000,  0.000, 1.00, 1.00, 1.00,  0.75,  4.50, -1.8750,
 0.750,  1.000,  0.000, 1.00, 1.00, 1.00,  0.75,  4.50, -1.8750,
 0.000,  0.250, -6.000, 1.00, 1.00, 1.00,  0.75,  4.50, -1.8750,

 0.750,  1.000,  0.000, 1.00, 1.00, 1.00,  6.75,  5.75,  1.5625,
 1.000,  0.000,  0.000, 1.00, 1.00, 1.00,  6.75,  5.75,  1.5625,
 0.000,  0.250, -6.000, 1.00, 1.00, 1.00,  6.75,  5.75,  1.5625,

-1.000,  0.000,  0.000, 1.00, 1.00, 1.00,  3.00,  4.75, -0.2500,
 0.000, -0.500, -0.250, 1.00, 1.00, 1.00,  3.00,  4.75, -0.2500,
 0.000,  0.250, -6.000, 1.00, 1.00, 1.00,  3.00,  4.75, -0.2500,

 1.000,  0.000,  0.000, 1.00, 1.00, 1.00,  3.00,  7.25,  1.2500,
 0.000, -0.500, -0.250, 1.00, 1.00, 1.00,  3.00,  7.25,  1.2500,
 0.000,  0.250, -6.000, 1.00, 1.00, 1.00,  3.00,  7.25,  1.2500,

-1.000,  0.000,  0.000, 0.00, 0.55, 0.96, -4.00, -1.00, -3.5000,
-2.000,  0.000,  0.000, 0.00, 0.55, 0.96, -4.00, -1.00, -3.5000,
-1.500,  4.000,  2.000, 0.00, 0.55, 0.96, -4.00, -1.00, -3.5000,

-2.000,  0.000,  0.000, 0.00, 0.55, 0.96, -1.50, -2.75, -0.2500,
-1.750,  0.750, -1.000, 0.00, 0.55, 0.96, -1.50, -2.75, -0.2500,
-1.500,  4.000,  2.000, 0.00, 0.55, 0.96, -1.50, -2.75, -0.2500,

-1.750,  0.750, -1.000, 0.00, 0.55, 0.96, -6.50, -3.50,  2.9375,
-1.000,  0.000,  0.000, 0.00, 0.55, 0.96, -6.50, -3.50,  2.9375,
-1.500,  4.000,  2.000, 0.00, 0.55, 0.96, -6.50, -3.50,  2.9375,

-1.000,  0.000,  0.000, 0.00, 0.55, 0.96, -0.75,  2.00,  0.0000,
-2.000,  0.000,  0.000, 0.00, 0.55, 0.96, -0.75,  2.00,  0.0000,
-1.750,  0.750, -1.000, 0.00, 0.55, 0.96, -0.75,  2.00,  0.0000,

-1.000,  0.000,  0.000, 0.00, 0.55, 0.96, -3.75, -4.50,  4.6250,
-1.500, -1.000,  0.000, 0.00, 0.55, 0.96, -3.75, -4.50,  4.6250,
-4.000, -1.250,  5.000, 0.00, 0.55, 0.96, -3.75, -4.50,  4.6250,

-1.000,  0.000,  0.000, 0.00, 0.55, 0.96,  1.25, -4.00,  4.2500,
-2.000,  0.000,  0.000, 0.00, 0.55, 0.96,  1.25, -4.00,  4.2500,
-4.000, -1.250,  5.000, 0.00, 0.55, 0.96,  1.25, -4.00,  4.2500,

-2.000,  0.000,  0.000, 0.00, 0.55, 0.96, -3.75, -5.50,  2.3750,
-1.500, -1.000,  0.000, 0.00, 0.55, 0.96, -3.75, -5.50,  2.3750,
-4.000, -1.250,  5.000, 0.00, 0.55, 0.96, -3.75, -5.50,  2.3750,

-1.000,  0.000,  0.000, 0.00, 0.55, 0.96,  1.00,  1.00,  1.5000,
-2.000,  0.000,  0.000, 0.00, 0.55, 0.96,  1.00,  1.00,  1.5000,
-1.500, -1.000,  0.000, 0.00, 0.55, 0.96,  1.00,  1.00,  1.5000,

 1.000,  0.000,  0.000, 0.00, 0.55, 0.96, -4.00, -3.00,  3.5000,
 2.000,  0.000,  0.000, 0.00, 0.55, 0.96, -4.00, -3.00,  3.5000,
 1.500,  4.000,  2.000, 0.00, 0.55, 0.96, -4.00, -3.00,  3.5000,

 2.000,  0.000,  0.000, 0.00, 0.55, 0.96, -1.50, -1.25, -1.2500,
 1.750,  0.750, -1.000, 0.00, 0.55, 0.96, -1.50, -1.25, -1.2500,
 1.500,  4.000,  2.000, 0.00, 0.55, 0.96, -1.50, -1.25, -1.2500,

 1.750,  0.750, -1.000, 0.00, 0.55, 0.96, -6.50, -2.50, -1.4375,
 1.000,  0.000,  0.000, 0.00, 0.55, 0.96, -6.50, -2.50, -1.4375,
 1.500,  4.000,  2.000, 0.00, 0.55, 0.96, -6.50, -2.50, -1.4375,

 1.000,  0.000,  0.000, 0.00, 0.55, 0.96, -0.75,  0.00,  0.0000,
 2.000,  0.000,  0.000, 0.00, 0.55, 0.96, -0.75,  0.00,  0.0000,
 1.750,  0.750, -1.000, 0.00, 0.55, 0.96, -0.75,  0.00,  0.0000,

 1.000,  0.000,  0.000, 0.00, 0.55, 0.96, -3.75, -5.50, -2.6250,
 1.500, -1.000,  0.000, 0.00, 0.55, 0.96, -3.75, -5.50, -2.6250,
 4.000, -1.250,  5.000, 0.00, 0.55, 0.96, -3.75, -5.50, -2.6250,

 1.000,  0.000,  0.000, 0.00, 0.55, 0.96,  1.25, -6.00, -4.2500,
 2.000,  0.000,  0.000, 0.00, 0.55, 0.96,  1.25, -6.00, -4.2500,
 4.000, -1.250,  5.000, 0.00, 0.55, 0.96,  1.25, -6.00, -4.2500,

 2.000,  0.000,  0.000, 0.00, 0.55, 0.96, -3.75, -4.50, -0.3750,
 1.500, -1.000,  0.000, 0.00, 0.55, 0.96, -3.75, -4.50, -0.3750,
 4.000, -1.250,  5.000, 0.00, 0.55, 0.96, -3.75, -4.50, -0.3750,

 1.000,  0.000,  0.000, 0.00, 0.55, 0.96,  1.00, -1.00, -1.5000,
 2.000,  0.000,  0.000, 0.00, 0.55, 0.96,  1.00, -1.00, -1.5000,
 1.500, -1.000,  0.000, 0.00, 0.55, 0.96,  1.00, -1.00, -1.5000,
DATA_END
FORMAT_START
3, 9, 0
3, 9, 3
3, 9, 6
FORMAT_END
